[CriticalSpeedResults]
_wn = [ 4487.739903078713, 6151.588313674408, 6311.144414988176, 7658.746975521006, 8860.0007099675,]
_wd = [ 4487.739775963654, 6151.589342463797, 6310.854188484201, 7657.600897727919, 8854.214502397204,]
log_dec = [ 0.001809151095512769, -2.0282557072758232e-9, 0.06286376119249404, 0.10471250920666614, 0.22473347415920744,]
damping_ratio = [ 0.0002879353277150826, -3.2280692166729556e-10, 0.010004577610588889, 0.016663199591432698, 0.03574458639517723,]
whirl_direction = [ [ "B", "a", "c", "k", "w", "a", "r", "d",], [ "N", "o", "n", "e",], [ "M", "i", "x", "e", "d",], [ "M", "i", "x", "e", "d",], [ "M", "i", "x", "e", "d",],]
