[CriticalSpeedResults]
_wn = [ 5497.572099462655, 6159.5632653980565, 6416.238552488948, 7453.915239209616, 8486.19714490153,]
_wd = [ 5497.570423681505, 6159.338000770802, 6416.23949435131, 7453.145473121508, 8481.59100763524,]
log_dec = [ 0.005857748511521608, 0.05604128001887049, 1.2674060111947298e-10, 0.08685490534018069, 0.20591858388788334,]
damping_ratio = [ 0.0009322892258418485, 0.008918891977117146, 2.0171393158602327e-11, 0.013822066977711012, 0.032755374488688864,]
whirl_direction = [ [ "M", "i", "x", "e", "d",], [ "B", "a", "c", "k", "w", "a", "r", "d",], [ "N", "o", "n", "e",], [ "F", "o", "r", "w", "a", "r", "d",], [ "M", "i", "x", "e", "d",],]
