[CriticalSpeedResults]
_wn = [ 4487.784349670247, 6203.016455353293, 6457.611618388509, 7788.931596388805, 8904.752179415287,]
_wd = [ 4487.784221576671, 6203.020719079799, 6457.268945202853, 7787.578776793042, 8899.283673918311,]
log_dec = [ 0.0018160115539714108, 1.139192599128241e-9, 0.06741186813018483, 0.11312575175676215, 0.21761086817910835,]
damping_ratio = [ 0.00028902720345435067, 1.8130813328496353e-10, 0.010728314585693264, 0.018001605093834715, 0.03461309230445574,]
whirl_direction = [ [ "B", "a", "c", "k", "w", "a", "r", "d",], [ "N", "o", "n", "e",], [ "M", "i", "x", "e", "d",], [ "M", "i", "x", "e", "d",], [ "M", "i", "x", "e", "d",],]
